extension: .med
2213
{'contour_energy': [], 'phrase_length': 0, 'contour_amplitudes': [], 'phrase': True, 'notes': [], 'phrase_end': 0, 'contour_time': [], 'phrase_start': 0}
{'rest_end': 1536, 'phrase': False, 'rest_duration': 2, 'rest_energy': 0, 'rest_start': 768}
{'contour_energy': [10010, 8250, 8954], 'phrase_length': 1140, 'contour_amplitudes': [92, 55, 92], 'phrase': True, 'notes': [[[1532, 568, 92, 110, 64], [1534, 568, 80, 89, 64]], [[1540, 558, 56, 85, 64], [1542, 550, 55, 98, 64], [1542, 554, 60, 89, 64]], [[2196, 96, 92, 110, 64], [2196, 44, 80, 89, 64], [2198, 40, 56, 89, 64], [2200, 26, 60, 85, 64], [2204, 22, 55, 98, 64]]], 'phrase_end': 2292, 'contour_time': [1532, 1540, 2196], 'phrase_start': 1152}
{'rest_end': 2688, 'phrase': False, 'rest_duration': 1, 'rest_energy': 8954, 'rest_start': 2304}
{'contour_energy': [9568, 6525, 7929, 7779], 'phrase_length': 1856, 'contour_amplitudes': [53, 89, 52, 80], 'phrase': True, 'notes': [[[2970, 120, 83, 110, 64], [2972, 90, 89, 98, 64], [2972, 84, 53, 93, 64], [2974, 80, 59, 89, 64]], [[3076, 64, 84, 51, 64], [3092, 136, 89, 73, 64], [3168, 88, 84, 76, 64], [3242, 64, 83, 98, 64], [3346, 32, 77, 79, 64], [3446, 102, 82, 98, 64]], [[3530, 142, 83, 98, 64], [3732, 428, 82, 93, 64], [3736, 410, 58, 79, 64], [3740, 394, 52, 85, 64]], [[4230, 254, 80, 98, 64], [4502, 42, 77, 98, 64], [4506, 32, 56, 82, 64], [4508, 22, 60, 79, 64], [4512, 18, 55, 82, 64]]], 'phrase_end': 4544, 'contour_time': [2970, 3076, 3530, 4230], 'phrase_start': 2688}
{'rest_end': 4992, 'phrase': False, 'rest_duration': 1, 'rest_energy': 7779, 'rest_start': 4608}
{'contour_energy': [4745, 9011, 6514], 'phrase_length': 1142, 'contour_amplitudes': [89, 80, 56], 'phrase': True, 'notes': [[[5256, 46, 87, 57, 64], [5282, 16, 89, 79, 64]], [[5380, 72, 92, 110, 64], [5382, 70, 80, 93, 64], [5486, 86, 92, 93, 64], [5486, 140, 80, 85, 64], [5650, 32, 89, 79, 64], [5754, 192, 92, 103, 64], [5756, 184, 80, 98, 64]], [[6034, 100, 92, 98, 64], [6034, 100, 80, 93, 64], [6036, 42, 61, 79, 64], [6038, 26, 60, 79, 64], [6038, 28, 65, 73, 64], [6042, 26, 56, 55, 64]]], 'phrase_end': 6134, 'contour_time': [5256, 5380, 6034], 'phrase_start': 4992}
{'rest_end': 6528, 'phrase': False, 'rest_duration': 1, 'rest_energy': 6514, 'rest_start': 6144}
{'contour_energy': [7045, 9883, 10106, 85, 8387, 3333, 7847, 8069, 8346, 5986, 82, 5652, 64, 8245, 6607, 7452, 73, 5928], 'phrase_length': 7568, 'contour_amplitudes': [85, 55, 79, 75, 55, 65, 85, 55, 72, 55, 70, 55, 68, 53, 75, 52, 60, 72], 'phrase': True, 'notes': [[[6722, 16, 80, 59, 64], [6802, 112, 85, 103, 64]], [[6932, 156, 84, 110, 64], [7190, 112, 83, 110, 64], [7194, 190, 61, 93, 64], [7196, 182, 65, 89, 64], [7196, 180, 55, 93, 64]], [[7318, 234, 79, 103, 64], [7576, 118, 76, 98, 64]], [[7782, 182, 75, 85, 64]], [[8068, 258, 82, 103, 64], [8070, 842, 58, 76, 64], [8070, 838, 63, 85, 64], [8072, 830, 60, 89, 64], [8072, 826, 55, 93, 64], [8346, 86, 78, 89, 64], [8424, 514, 79, 103, 64]], [[9518, 68, 61, 62, 64], [9520, 58, 60, 67, 64], [9522, 54, 65, 51, 64], [9524, 56, 56, 49, 64]], [[9606, 80, 84, 67, 64], [9706, 78, 85, 93, 64], [9798, 86, 84, 98, 64], [9900, 86, 82, 93, 64]], [[9992, 86, 80, 93, 64], [10088, 86, 77, 104, 64], [10184, 98, 75, 93, 64], [10194, 152, 61, 82, 64], [10196, 144, 55, 85, 64], [10198, 138, 65, 76, 64], [10282, 84, 73, 93, 64]], [[10378, 70, 72, 90, 64], [10474, 86, 70, 111, 64], [10566, 78, 68, 82, 64], [10664, 62, 65, 79, 64]], [[10754, 196, 67, 85, 64], [10758, 192, 63, 59, 64], [10758, 192, 58, 55, 64], [10760, 180, 55, 67, 64], [10760, 186, 60, 73, 64], [11034, 84, 58, 73, 64], [11036, 30, 67, 89, 64], [11036, 22, 60, 89, 64], [11038, 18, 55, 85, 64], [11038, 24, 63, 89, 64]], [[11518, 190, 70, 82, 64]], [[11524, 108, 55, 76, 64], [11526, 160, 60, 73, 64], [11526, 164, 58, 59, 64], [11528, 156, 63, 62, 64], [11786, 62, 70, 85, 64], [11788, 60, 58, 62, 64], [11790, 48, 63, 82, 64], [11790, 54, 55, 89, 64], [11790, 48, 60, 82, 64]], [[12194, 68, 68, 64, 64]], [[12288, 116, 70, 93, 64], [12406, 48, 68, 79, 64], [12552, 158, 70, 98, 64], [12556, 152, 53, 98, 64], [12556, 150, 63, 82, 64], [12558, 148, 59, 93, 64]], [[13050, 110, 75, 79, 64], [13052, 110, 63, 85, 64], [13052, 120, 70, 82, 64], [13054, 112, 58, 79, 64]], [[13056, 98, 52, 79, 64], [13268, 136, 73, 89, 64], [13268, 74, 61, 93, 64], [13270, 70, 58, 85, 64], [13324, 58, 52, 85, 64]], [[13822, 218, 60, 73, 64]], [[13824, 272, 72, 76, 64], [13826, 266, 67, 82, 64], [13826, 268, 56, 67, 64], [13830, 260, 55, 82, 64]]], 'phrase_end': 14096, 'contour_time': [6722, 6932, 7318, 7782, 8068, 9518, 9606, 9992, 10378, 10754, 11518, 11524, 12194, 12288, 13050, 13056, 13822, 13824], 'phrase_start': 6528}
{'rest_end': 14592, 'phrase': False, 'rest_duration': 1, 'rest_energy': 5928, 'rest_start': 14208}
{'contour_energy': [5027], 'phrase_length': 320, 'contour_amplitudes': [50], 'phrase': True, 'notes': [[[14592, 108, 64, 76, 64], [14594, 112, 67, 79, 64], [14594, 106, 56, 64, 64], [14596, 92, 50, 73, 64], [14596, 96, 60, 67, 64], [14862, 50, 50, 79, 64], [14866, 34, 65, 79, 64], [14866, 46, 56, 70, 64], [14866, 44, 68, 59, 64], [14868, 32, 60, 59, 64]]], 'phrase_end': 14912, 'contour_time': [14592], 'phrase_start': 14592}
{'rest_end': 15360, 'phrase': False, 'rest_duration': 1, 'rest_energy': 5027, 'rest_start': 14976}
{'contour_energy': [5150, 3970, 5186, 5114, 5790], 'phrase_length': 2244, 'contour_amplitudes': [70, 63, 52, 70, 50], 'phrase': True, 'notes': [[[15630, 40, 67, 82, 64], [15632, 44, 70, 67, 64], [15634, 32, 59, 67, 64], [15636, 32, 53, 70, 64]], [[16126, 408, 68, 62, 64], [16126, 402, 63, 64, 64]], [[16128, 462, 58, 70, 64], [16128, 402, 72, 73, 64], [16132, 456, 52, 73, 64]], [[16902, 86, 67, 79, 64], [16904, 94, 70, 64, 64], [16908, 88, 56, 70, 64], [16910, 80, 60, 64, 64], [16912, 74, 55, 79, 64]], [[17546, 58, 68, 76, 64], [17550, 50, 56, 76, 64], [17552, 34, 65, 76, 64], [17552, 40, 50, 82, 64], [17554, 34, 60, 70, 64]]], 'phrase_end': 17604, 'contour_time': [15630, 16126, 16128, 16902, 17546], 'phrase_start': 15360}
{'rest_end': 18816, 'phrase': False, 'rest_duration': 2, 'rest_energy': 5790, 'rest_start': 18048}
{'contour_energy': [5540, 6482, 4924, 5350, 6366, 6543, 4787, 4784, 6911, 5486, 5365, 5186], 'phrase_length': 7862, 'contour_amplitudes': [72, 55, 70, 55, 68, 55, 70, 55, 68, 52, 70, 55], 'phrase': True, 'notes': [[[18432, 92, 68, 64, 64], [18434, 88, 61, 82, 64], [18434, 82, 65, 76, 64], [18436, 84, 72, 73, 64], [18438, 86, 56, 76, 64]], [[19084, 434, 61, 79, 64], [19084, 432, 67, 82, 64], [19086, 430, 72, 79, 64], [19088, 422, 55, 82, 64]], [[19958, 214, 70, 67, 64], [19960, 200, 67, 79, 64], [19960, 212, 63, 67, 64], [19964, 198, 60, 70, 64], [19964, 194, 55, 73, 64], [19966, 192, 58, 64, 64]], [[20628, 494, 67, 73, 64], [20628, 482, 63, 70, 64], [20630, 424, 60, 70, 64], [20632, 476, 55, 82, 64], [20632, 478, 56, 70, 64]], [[21774, 136, 68, 79, 64], [21776, 116, 61, 76, 64], [21776, 122, 56, 82, 64], [21778, 124, 65, 82, 64]], [[22002, 66, 72, 93, 64], [22254, 508, 72, 79, 64], [22260, 494, 67, 76, 64], [22262, 488, 61, 73, 64], [22264, 486, 55, 82, 64]], [[23032, 900, 70, 67, 64], [23038, 854, 67, 76, 64], [23038, 856, 63, 64, 64]], [[23040, 864, 60, 73, 64], [23042, 872, 58, 57, 64], [23042, 860, 55, 76, 64]], [[24570, 118, 68, 82, 64], [24570, 180, 53, 85, 64], [24572, 124, 59, 76, 64], [24572, 116, 65, 89, 64]], [[25328, 420, 63, 79, 64], [25332, 426, 58, 73, 64], [25334, 422, 68, 62, 64], [25334, 414, 72, 76, 64], [25338, 408, 52, 79, 64]], [[26108, 186, 70, 67, 64], [26108, 126, 67, 79, 64]], [[26112, 176, 56, 73, 64], [26114, 166, 55, 73, 64], [26114, 170, 60, 70, 64]]], 'phrase_end': 26294, 'contour_time': [18432, 19084, 19958, 20628, 21774, 22002, 23032, 23040, 24570, 25328, 26108, 26112], 'phrase_start': 18432}
{'rest_end': 26880, 'phrase': False, 'rest_duration': 1, 'rest_energy': 5186, 'rest_start': 26496}
{'contour_energy': [5032, 76, 5067, 5704, 6250, 6062, 6334], 'phrase_length': 2960, 'contour_amplitudes': [68, 59, 68, 52, 79, 55, 77], 'phrase': True, 'notes': [[[26882, 172, 56, 64, 64], [26882, 180, 68, 70, 64], [26884, 160, 50, 73, 64], [26886, 164, 65, 76, 64], [26888, 154, 60, 62, 64], [27154, 48, 68, 64, 64], [27156, 96, 56, 73, 64], [27160, 28, 50, 82, 64], [27160, 28, 65, 73, 64], [27162, 26, 60, 70, 64]], [[27646, 80, 59, 76, 64]], [[27648, 86, 53, 76, 64], [27650, 74, 68, 64, 64], [27650, 68, 65, 73, 64]], [[28296, 424, 58, 73, 64], [28296, 408, 68, 73, 64], [28298, 348, 63, 70, 64], [28298, 354, 72, 82, 64], [28300, 410, 52, 79, 64]], [[29176, 228, 67, 76, 64], [29178, 218, 72, 82, 64], [29178, 278, 79, 82, 64], [29178, 222, 56, 76, 64]], [[29184, 208, 60, 70, 64], [29184, 194, 55, 85, 64]], [[29774, 66, 65, 89, 64], [29778, 62, 77, 85, 64], [29778, 54, 50, 82, 64], [29780, 58, 56, 70, 64], [29782, 46, 60, 70, 64]]], 'phrase_end': 29840, 'contour_time': [26882, 27646, 27648, 28296, 29176, 29184, 29774], 'phrase_start': 26880}
{'rest_end': 31104, 'phrase': False, 'rest_duration': 2, 'rest_energy': 6334, 'rest_start': 30336}
{'contour_energy': [5678, 7090, 5782, 4877, 5173], 'phrase_length': 2684, 'contour_amplitudes': [56, 84, 70, 55, 72], 'phrase': True, 'notes': [[[30986, 54, 77, 85, 64], [30988, 52, 61, 82, 64], [30990, 40, 65, 79, 64], [30992, 38, 56, 70, 64], [30994, 32, 72, 67, 64], [30994, 32, 84, 67, 64]], [[31382, 384, 72, 85, 64], [31384, 382, 84, 85, 64], [31384, 394, 61, 82, 64], [31386, 390, 79, 82, 64], [31386, 382, 55, 89, 64], [31388, 378, 65, 82, 64]], [[32248, 202, 70, 73, 64], [32248, 198, 82, 76, 64], [32254, 190, 75, 79, 64]], [[32256, 184, 60, 79, 64], [32258, 174, 55, 73, 64], [32260, 178, 63, 64, 64], [32260, 184, 58, 62, 64]], [[33010, 388, 68, 64, 64], [33010, 394, 63, 57, 64], [33014, 324, 67, 85, 64], [33014, 390, 72, 79, 64], [33018, 372, 53, 73, 64], [33018, 376, 60, 70, 64]]], 'phrase_end': 33404, 'contour_time': [30986, 31382, 32248, 32256, 33010], 'phrase_start': 30720}
{'rest_end': 33792, 'phrase': False, 'rest_duration': 1, 'rest_energy': 5173, 'rest_start': 33408}
{'contour_energy': [5335, 5980, 4889, 6092], 'phrase_length': 2620, 'contour_amplitudes': [56, 68, 58, 72], 'phrase': True, 'notes': [[[33804, 274, 61, 70, 64], [33806, 276, 56, 73, 64], [34082, 18, 65, 76, 64]], [[34194, 60, 68, 76, 64], [34458, 488, 67, 82, 64], [34462, 480, 64, 76, 64], [34462, 480, 61, 70, 64], [34468, 464, 55, 82, 64]], [[35312, 506, 67, 76, 64], [35312, 514, 63, 67, 64], [35312, 526, 70, 64, 64], [35316, 514, 60, 79, 64], [35318, 514, 58, 62, 64]], [[36308, 58, 58, 76, 64], [36310, 60, 72, 76, 64], [36360, 52, 67, 82, 64]]], 'phrase_end': 36412, 'contour_time': [33804, 34194, 35312, 36308], 'phrase_start': 33792}
{'rest_end': 36864, 'phrase': False, 'rest_duration': 1, 'rest_energy': 6092, 'rest_start': 36480}
{'contour_energy': [5335, 5159, 85, 6269], 'phrase_length': 2402, 'contour_amplitudes': [58, 70, 51, 67], 'phrase': True, 'notes': [[[37074, 58, 67, 70, 64], [37078, 56, 58, 76, 64], [37078, 46, 72, 73, 64]], [[37614, 118, 70, 64, 64], [37616, 110, 60, 73, 64], [37618, 110, 63, 67, 64], [37620, 100, 55, 82, 64]], [[37898, 214, 51, 85, 64]], [[38116, 78, 67, 85, 64], [38120, 68, 60, 76, 64], [38122, 58, 63, 73, 64], [38392, 798, 57, 85, 64], [38394, 868, 63, 76, 64], [38394, 872, 66, 73, 64], [38396, 798, 60, 85, 64]]], 'phrase_end': 39266, 'contour_time': [37074, 37614, 37898, 38116], 'phrase_start': 36864}
{'rest_end': 39936, 'phrase': False, 'rest_duration': 1, 'rest_energy': 6269, 'rest_start': 39552}
{'contour_energy': [5604], 'phrase_length': 738, 'contour_amplitudes': [56], 'phrase': True, 'notes': [[[39936, 686, 68, 70, 64], [39938, 674, 61, 76, 64], [39940, 666, 65, 76, 64], [39942, 732, 72, 73, 64], [39942, 666, 56, 79, 64]]], 'phrase_end': 40674, 'contour_time': [39936], 'phrase_start': 39936}
{'rest_end': 41856, 'phrase': False, 'rest_duration': 2, 'rest_energy': 5604, 'rest_start': 41088}
{'contour_energy': [6414, 6601], 'phrase_length': 1074, 'contour_amplitudes': [84, 55], 'phrase': True, 'notes': [[[41738, 54, 56, 85, 64], [41738, 52, 61, 85, 64], [41740, 38, 84, 79, 64], [41740, 38, 77, 79, 64], [41742, 34, 72, 76, 64], [41744, 34, 65, 76, 64]], [[42124, 406, 72, 79, 64], [42124, 402, 84, 79, 64], [42126, 408, 79, 79, 64], [42128, 418, 61, 79, 64], [42128, 412, 55, 89, 64], [42130, 404, 65, 82, 64]]], 'phrase_end': 42546, 'contour_time': [41738, 42124], 'phrase_start': 41472}
{'rest_end': 43008, 'phrase': False, 'rest_duration': 1, 'rest_energy': 6601, 'rest_start': 42624}
{'contour_energy': [5260, 6348], 'phrase_length': 2518, 'contour_amplitudes': [82, 53], 'phrase': True, 'notes': [[[43010, 938, 82, 79, 64], [43012, 942, 70, 67, 64], [43014, 930, 75, 73, 64], [43016, 940, 58, 62, 64], [43018, 932, 55, 76, 64], [43018, 930, 63, 70, 64], [43020, 924, 60, 79, 64]], [[44524, 1002, 53, 85, 64], [44528, 998, 66, 76, 64], [44528, 994, 63, 76, 64], [44528, 978, 57, 82, 64], [44530, 976, 60, 79, 64]]], 'phrase_end': 45526, 'contour_time': [43010, 44524], 'phrase_start': 43008}
{'rest_end': 46080, 'phrase': False, 'rest_duration': 1, 'rest_energy': 6348, 'rest_start': 45696}
{'contour_energy': [5536, 6119], 'phrase_length': 706, 'contour_amplitudes': [72, 56], 'phrase': True, 'notes': [[[46082, 296, 61, 73, 64], [46084, 282, 68, 64, 64], [46086, 274, 72, 79, 64], [46086, 272, 65, 76, 64], [46088, 282, 56, 79, 64]], [[46732, 52, 61, 85, 64], [46734, 52, 56, 85, 64], [46734, 50, 72, 82, 64], [46736, 44, 68, 64, 64], [46738, 32, 65, 73, 64]]], 'phrase_end': 46786, 'contour_time': [46082, 46732], 'phrase_start': 46080}
{'rest_end': 48000, 'phrase': False, 'rest_duration': 2, 'rest_energy': 6119, 'rest_start': 47232}
{'contour_energy': [5889, 6166, 6017, 5353, 5734, 5711, 67, 4348, 5561, 4660, 5472, 5282, 5131, 5168, 67, 7099, 76, 4407], 'phrase_length': 9304, 'contour_amplitudes': [84, 55, 82, 55, 75, 55, 68, 50, 68, 52, 70, 55, 68, 56, 65, 55, 82, 55], 'phrase': True, 'notes': [[[47882, 56, 56, 82, 64], [47884, 50, 61, 82, 64], [47886, 38, 84, 79, 64], [47886, 38, 65, 76, 64], [47888, 34, 77, 76, 64], [47888, 36, 72, 64, 64]], [[48272, 392, 84, 79, 64], [48272, 410, 61, 76, 64], [48274, 394, 79, 79, 64], [48276, 384, 72, 76, 64], [48276, 394, 65, 79, 64], [48278, 398, 55, 82, 64]], [[49144, 116, 82, 79, 64], [49146, 110, 70, 73, 64], [49148, 100, 75, 76, 64], [49150, 106, 60, 82, 64]], [[49152, 102, 63, 73, 64], [49152, 94, 55, 79, 64], [49152, 106, 58, 67, 64]], [[49746, 438, 68, 67, 64], [49748, 434, 75, 70, 64], [49750, 414, 72, 82, 64], [49750, 422, 63, 79, 64], [49800, 420, 58, 73, 64], [49802, 410, 52, 82, 64]], [[50680, 192, 56, 76, 64], [50682, 192, 67, 73, 64], [50682, 196, 72, 79, 64], [50684, 186, 60, 67, 64], [50686, 178, 55, 82, 64]], [[51454, 464, 68, 67, 64]], [[51456, 392, 56, 64, 64], [51458, 398, 65, 73, 64], [51462, 364, 50, 67, 64], [51462, 382, 60, 59, 64]], [[52230, 92, 68, 73, 64], [52232, 86, 59, 70, 64], [52234, 84, 53, 79, 64], [52234, 80, 65, 76, 64]], [[52822, 352, 58, 67, 64], [52872, 346, 68, 64, 64], [52872, 324, 63, 67, 64], [52874, 334, 72, 73, 64], [52878, 324, 52, 70, 64]], [[53750, 220, 70, 76, 64], [53754, 222, 67, 79, 64], [53758, 184, 56, 64, 64], [53758, 120, 55, 76, 64]], [[53762, 172, 60, 55, 64], [54134, 118, 70, 73, 64], [54136, 98, 67, 82, 64], [54140, 26, 55, 85, 64], [54142, 80, 56, 70, 64], [54142, 22, 60, 67, 64]], [[54414, 500, 68, 62, 64], [54418, 430, 50, 85, 64], [54418, 430, 65, 73, 64], [54420, 486, 60, 76, 64], [54422, 484, 56, 59, 64]], [[55290, 88, 61, 79, 64], [55290, 90, 68, 64, 64], [55292, 88, 73, 64, 64], [55294, 82, 56, 79, 64]], [[55296, 72, 65, 67, 64]], [[55948, 428, 72, 85, 64], [55948, 436, 61, 82, 64], [55950, 398, 67, 85, 64], [55952, 422, 55, 85, 64]], [[56828, 92, 82, 76, 64]], [[56832, 78, 70, 57, 64], [56832, 82, 75, 73, 64], [56836, 72, 55, 76, 64], [56836, 70, 60, 73, 64], [56836, 78, 58, 62, 64], [56840, 60, 63, 54, 64]]], 'phrase_end': 56920, 'contour_time': [47882, 48272, 49144, 49152, 49746, 50680, 51454, 51456, 52230, 52822, 53750, 53762, 54414, 55290, 55296, 55948, 56828, 56832], 'phrase_start': 47616}
{'rest_end': 57600, 'phrase': False, 'rest_duration': 1, 'rest_energy': 4407, 'rest_start': 57216}
{'contour_energy': [4465], 'phrase_length': 322, 'contour_amplitudes': [75], 'phrase': True, 'notes': [[[57864, 58, 75, 67, 64], [57866, 54, 68, 64, 64], [57866, 46, 67, 62, 64], [57870, 38, 56, 67, 64], [57870, 38, 55, 76, 64], [57872, 34, 60, 64, 64]]], 'phrase_end': 57922, 'contour_time': [57864], 'phrase_start': 57600}
{'rest_end': 58368, 'phrase': False, 'rest_duration': 1, 'rest_energy': 4465, 'rest_start': 57984}
{'contour_energy': [4042, 7153, 5043, 4489], 'phrase_length': 1846, 'contour_amplitudes': [56, 72, 58, 70], 'phrase': True, 'notes': [[[58570, 62, 68, 67, 64], [58572, 56, 56, 67, 64], [58574, 52, 61, 52, 64], [58574, 52, 65, 67, 64]], [[58966, 356, 67, 85, 64], [59016, 344, 72, 85, 64], [59020, 418, 55, 89, 64], [59020, 408, 61, 79, 64]], [[59900, 300, 58, 70, 64], [59902, 300, 63, 70, 64], [59902, 312, 67, 73, 64]], [[59904, 308, 70, 67, 64], [59906, 286, 60, 67, 64]]], 'phrase_end': 60214, 'contour_time': [58570, 58966, 59900, 59904], 'phrase_start': 58368}
{'rest_end': 60672, 'phrase': False, 'rest_duration': 1, 'rest_energy': 4489, 'rest_start': 60288}
{'contour_energy': [6603], 'phrase_length': 266, 'contour_amplitudes': [55], 'phrase': True, 'notes': [[[60882, 50, 72, 82, 64], [60884, 46, 67, 82, 64], [60884, 54, 61, 79, 64], [60886, 44, 55, 82, 64]]], 'phrase_end': 60938, 'contour_time': [60882], 'phrase_start': 60672}
{'rest_end': 61440, 'phrase': False, 'rest_duration': 1, 'rest_energy': 6603, 'rest_start': 61056}
{'contour_energy': [5668], 'phrase_length': 306, 'contour_amplitudes': [70], 'phrase': True, 'notes': [[[61652, 66, 70, 73, 64], [61654, 66, 58, 79, 64], [61654, 58, 63, 73, 64], [61704, 42, 60, 76, 64]]], 'phrase_end': 61746, 'contour_time': [61652], 'phrase_start': 61440}
{'rest_end': 62208, 'phrase': False, 'rest_duration': 1, 'rest_energy': 5668, 'rest_start': 61824}
{'contour_energy': [6312, 5887, 85, 6652], 'phrase_length': 1472, 'contour_amplitudes': [52, 77, 55, 77], 'phrase': True, 'notes': [[[62416, 172, 75, 79, 64], [62418, 160, 68, 67, 64], [62420, 164, 63, 82, 64], [62420, 164, 58, 76, 64], [62422, 144, 72, 89, 64], [62422, 152, 52, 82, 64]], [[62970, 470, 56, 73, 64], [62972, 468, 77, 82, 64], [62972, 464, 60, 79, 64], [62974, 466, 67, 70, 64], [62974, 460, 72, 79, 64]], [[62976, 406, 55, 85, 64]], [[63632, 48, 77, 82, 64], [63634, 36, 72, 82, 64], [63636, 34, 67, 76, 64], [63638, 28, 60, 85, 64], [63638, 40, 56, 79, 64], [63640, 32, 50, 85, 64]]], 'phrase_end': 63680, 'contour_time': [62416, 62970, 62976, 63632], 'phrase_start': 62208}
{'rest_end': 64128, 'phrase': False, 'rest_duration': 1, 'rest_energy': 6652, 'rest_start': 63744}
{'contour_energy': [5383, 79, 5123, 5445, 5175, 6348], 'phrase_length': 2582, 'contour_amplitudes': [59, 53, 70, 52, 67, 50], 'phrase': True, 'notes': [[[64504, 314, 68, 73, 64], [64506, 298, 65, 82, 64], [64508, 284, 59, 64, 64]], [[64512, 280, 53, 79, 64]], [[65104, 256, 70, 70, 64], [65106, 240, 67, 76, 64], [65108, 236, 58, 67, 64], [65162, 214, 52, 73, 64]], [[65490, 80, 68, 70, 64], [65492, 132, 58, 73, 64], [65494, 70, 65, 76, 64], [65546, 46, 52, 76, 64]], [[66032, 306, 56, 67, 64], [66032, 308, 67, 79, 64], [66034, 298, 60, 67, 64], [66034, 294, 64, 73, 64], [66036, 290, 55, 73, 64]], [[66640, 70, 68, 73, 64], [66642, 62, 56, 79, 64], [66642, 48, 65, 82, 64], [66644, 50, 60, 82, 64], [66646, 46, 50, 82, 64]]], 'phrase_end': 66710, 'contour_time': [64504, 64512, 65104, 65490, 66032, 66640], 'phrase_start': 64128}
{'rest_end': 67200, 'phrase': False, 'rest_duration': 1, 'rest_energy': 6348, 'rest_start': 66816}
{'contour_energy': [6559, 6974, 4208, 5335, 7239, 4442, 6304, 4372, 7250, 6730, 6341, 4996, 5896], 'phrase_length': 6718, 'contour_amplitudes': [72, 55, 70, 58, 68, 55, 68, 56, 68, 55, 70, 55, 68], 'phrase': True, 'notes': [[[67566, 150, 68, 70, 64], [67568, 150, 61, 82, 64], [67568, 136, 65, 82, 64], [67570, 140, 72, 85, 64], [67570, 146, 56, 85, 64]], [[68236, 404, 67, 85, 64], [68238, 406, 72, 85, 64], [68238, 396, 61, 82, 64], [68244, 392, 55, 82, 64]], [[69042, 60, 57, 62, 64], [69114, 296, 70, 62, 64], [69116, 284, 63, 64, 64], [69116, 288, 67, 76, 64], [69118, 280, 60, 59, 64]], [[69128, 256, 58, 73, 64], [69500, 180, 70, 70, 64], [69502, 114, 67, 76, 64]], [[69504, 170, 58, 79, 64], [69504, 174, 63, 82, 64], [69506, 110, 60, 85, 64], [69778, 120, 68, 89, 64], [69780, 104, 60, 89, 64], [69782, 112, 63, 82, 64], [69784, 106, 56, 89, 64]], [[70064, 120, 63, 67, 64], [70066, 112, 67, 70, 64], [70070, 100, 60, 59, 64], [70072, 90, 55, 70, 64]], [[70284, 88, 68, 85, 64], [70290, 76, 63, 79, 64], [70290, 64, 56, 89, 64], [70292, 72, 60, 79, 64], [70574, 268, 65, 79, 64], [70576, 254, 60, 67, 64], [70578, 254, 61, 76, 64]], [[70934, 94, 58, 62, 64], [70938, 34, 56, 70, 64]], [[71208, 50, 65, 49, 64], [71326, 98, 68, 110, 64]], [[71446, 322, 67, 85, 64], [71714, 94, 61, 79, 64], [71718, 82, 55, 82, 64]], [[72198, 168, 70, 76, 64], [72202, 164, 63, 82, 64], [72202, 164, 67, 82, 64], [72204, 162, 60, 79, 64], [72206, 182, 58, 79, 64]], [[72842, 422, 67, 76, 64], [72842, 354, 63, 67, 64], [72844, 344, 60, 59, 64], [72846, 344, 55, 79, 64]], [[73706, 212, 68, 76, 64], [73706, 160, 59, 73, 64], [73708, 148, 65, 79, 64], [73710, 146, 53, 79, 64]]], 'phrase_end': 73918, 'contour_time': [67566, 68236, 69042, 69128, 69504, 70064, 70284, 70934, 71208, 71446, 72198, 72842, 73706], 'phrase_start': 67200}
{'rest_end': 74496, 'phrase': False, 'rest_duration': 1, 'rest_energy': 5896, 'rest_start': 74112}
{'contour_energy': [5880, 6047, 6125], 'phrase_length': 1472, 'contour_amplitudes': [52, 79, 50], 'phrase': True, 'notes': [[[74702, 66, 75, 73, 64], [74704, 52, 68, 67, 64], [74706, 60, 63, 79, 64], [74708, 58, 58, 76, 64], [74710, 44, 72, 82, 64], [74760, 44, 52, 82, 64]], [[75246, 408, 79, 82, 64], [75250, 404, 56, 76, 64], [75252, 396, 67, 64, 64], [75252, 396, 72, 79, 64], [75254, 390, 60, 82, 64], [75254, 386, 55, 82, 64]], [[75912, 56, 56, 79, 64], [75912, 48, 50, 85, 64], [75914, 48, 79, 79, 64], [75916, 38, 60, 85, 64], [75916, 40, 67, 67, 64], [75918, 36, 72, 73, 64]]], 'phrase_end': 75968, 'contour_time': [74702, 75246, 75912], 'phrase_start': 74496}
{'rest_end': 76416, 'phrase': False, 'rest_duration': 1, 'rest_energy': 6125, 'rest_start': 76032}
{'contour_energy': [6491, 5737, 5216, 5615, 4633], 'phrase_length': 2662, 'contour_amplitudes': [68, 52, 70, 55, 70], 'phrase': True, 'notes': [[[76626, 348, 59, 82, 64], [76626, 350, 68, 76, 64], [76628, 338, 65, 79, 64], [76630, 340, 53, 85, 64]], [[77398, 428, 58, 79, 64], [77448, 416, 63, 70, 64], [77448, 420, 72, 82, 64], [77450, 426, 68, 64, 64], [77452, 412, 52, 82, 64]], [[78140, 106, 70, 76, 64], [78148, 90, 67, 76, 64], [78246, 62, 68, 64, 64]], [[78346, 254, 67, 82, 64], [78350, 266, 70, 70, 64], [78354, 236, 56, 70, 64], [78354, 232, 60, 76, 64], [78356, 174, 55, 76, 64]], [[78740, 134, 68, 59, 64], [78742, 70, 56, 62, 64], [78792, 62, 55, 70, 64], [78794, 56, 60, 55, 64], [79014, 62, 70, 64, 64], [79014, 62, 67, 82, 64], [79016, 60, 56, 70, 64], [79016, 62, 50, 79, 64], [79018, 58, 60, 67, 64]]], 'phrase_end': 79078, 'contour_time': [76626, 77398, 78140, 78346, 78740], 'phrase_start': 76416}
{'rest_end': 80256, 'phrase': False, 'rest_duration': 2, 'rest_energy': 4633, 'rest_start': 79488}
{'contour_energy': [5034, 6751, 64, 5547, 4384, 54, 5955, 6241, 6246, 8083, 6062, 5807, 89, 6438, 7027, 7267, 9126, 6575], 'phrase_length': 8462, 'contour_amplitudes': [56, 68, 57, 70, 55, 60, 65, 46, 68, 55, 70, 56, 51, 65, 58, 67, 60, 57], 'phrase': True, 'notes': [[[79880, 158, 61, 70, 64], [79884, 150, 56, 79, 64], [79884, 150, 68, 64, 64], [79886, 140, 65, 70, 64]], [[80266, 180, 68, 98, 64], [80546, 288, 61, 70, 64], [80548, 298, 67, 82, 64], [80552, 290, 55, 76, 64]], [[81320, 70, 57, 64, 64]], [[81416, 194, 67, 70, 64], [81418, 244, 63, 64, 64], [81418, 188, 60, 67, 64], [81420, 240, 70, 62, 64], [81426, 164, 58, 67, 64], [81782, 128, 70, 79, 64], [81782, 122, 67, 85, 64], [81784, 116, 58, 82, 64], [81786, 110, 63, 79, 64], [81786, 104, 60, 85, 64]], [[82080, 360, 67, 70, 64], [82080, 370, 63, 59, 64], [82080, 264, 60, 54, 64], [82082, 306, 55, 79, 64]], [[82466, 18, 60, 54, 64]], [[82846, 282, 61, 82, 64], [82848, 276, 60, 70, 64], [82848, 300, 65, 79, 64]], [[83242, 90, 56, 79, 64], [83242, 86, 46, 79, 64]], [[83528, 60, 65, 62, 64], [83624, 70, 68, 93, 64]], [[83784, 348, 67, 98, 64], [83998, 108, 61, 82, 64], [84000, 106, 55, 89, 64]], [[84486, 172, 70, 73, 64], [84486, 164, 60, 82, 64], [84488, 164, 67, 79, 64], [84490, 164, 63, 76, 64], [84490, 158, 58, 79, 64]], [[85130, 340, 62, 73, 64], [85132, 338, 67, 76, 64], [85134, 332, 56, 70, 64], [85134, 330, 59, 85, 64]], [[85462, 126, 51, 89, 64]], [[85708, 130, 65, 59, 64], [85838, 342, 58, 73, 64], [85840, 332, 55, 85, 64], [85842, 358, 63, 82, 64], [85842, 342, 60, 85, 64], [86014, 82, 44, 93, 64]], [[86596, 100, 70, 85, 64], [86600, 94, 60, 89, 64], [86602, 86, 63, 82, 64], [86778, 90, 58, 79, 64]], [[86888, 76, 67, 93, 64], [86892, 54, 60, 82, 64], [86894, 54, 63, 76, 64], [87062, 30, 55, 89, 64]], [[87168, 170, 60, 98, 64], [87434, 900, 66, 93, 64]], [[87750, 544, 63, 76, 64], [87752, 472, 57, 82, 64], [87752, 478, 60, 85, 64]]], 'phrase_end': 88334, 'contour_time': [79880, 80266, 81320, 81416, 82080, 82466, 82846, 83242, 83528, 83784, 84486, 85130, 85462, 85708, 86596, 86888, 87168, 87750], 'phrase_start': 79872}
{'rest_end': 89472, 'phrase': False, 'rest_duration': 2, 'rest_energy': 6575, 'rest_start': 88704}
{'contour_energy': [5896, 6625], 'phrase_length': 702, 'contour_amplitudes': [68, 56], 'phrase': True, 'notes': [[[89096, 352, 61, 73, 64], [89096, 352, 68, 76, 64], [89098, 350, 56, 79, 64], [89100, 338, 65, 79, 64]], [[89736, 50, 68, 73, 64], [89736, 54, 61, 82, 64], [89738, 42, 72, 85, 64], [89740, 50, 56, 85, 64]]], 'phrase_end': 89790, 'contour_time': [89096, 89736], 'phrase_start': 89088}
{'rest_end': 90240, 'phrase': False, 'rest_duration': 1, 'rest_energy': 6625, 'rest_start': 89856}
{'contour_energy': [8290, 6868, 73, 5382], 'phrase_length': 2300, 'contour_amplitudes': [84, 55, 57, 82], 'phrase': True, 'notes': [[[90510, 434, 77, 93, 64], [90510, 440, 84, 93, 64], [90510, 424, 61, 93, 64], [90512, 426, 56, 93, 64], [90514, 434, 72, 85, 64], [90514, 416, 65, 89, 64]], [[91274, 506, 84, 93, 64], [91276, 502, 72, 85, 64], [91284, 34, 78, 76, 64], [91284, 420, 61, 79, 64], [91286, 398, 65, 79, 64], [91286, 422, 55, 85, 64], [91318, 422, 79, 82, 64]], [[92068, 90, 57, 73, 64]], [[92166, 174, 75, 59, 64], [92168, 182, 82, 64, 64], [92170, 162, 72, 62, 64], [92170, 172, 79, 73, 64], [92174, 150, 58, 73, 64], [92444, 96, 58, 89, 64], [92444, 88, 82, 64, 64], [92446, 82, 79, 82, 64], [92446, 80, 75, 76, 64], [92450, 74, 72, 85, 64]]], 'phrase_end': 92540, 'contour_time': [90510, 91274, 92068, 92166], 'phrase_start': 90240}
{'rest_end': 92928, 'phrase': False, 'rest_duration': 1, 'rest_energy': 5382, 'rest_start': 92544}
{'contour_energy': [5125], 'phrase_length': 366, 'contour_amplitudes': [55], 'phrase': True, 'notes': [[[92934, 186, 75, 59, 64], [92936, 180, 70, 44, 64], [92936, 174, 79, 67, 64], [92938, 174, 72, 70, 64], [92940, 156, 55, 73, 64], [93206, 38, 70, 73, 64], [93208, 38, 55, 89, 64], [93208, 38, 75, 70, 64], [93210, 24, 72, 79, 64], [93212, 82, 79, 82, 64]]], 'phrase_end': 93294, 'contour_time': [92934], 'phrase_start': 92928}
{'rest_end': 93696, 'phrase': False, 'rest_duration': 1, 'rest_energy': 5125, 'rest_start': 93312}
{'contour_energy': [6215, 6737, 5043, 76, 5100, 3498, 5150], 'phrase_length': 3444, 'contour_amplitudes': [78, 65, 60, 56, 68, 56, 68], 'phrase': True, 'notes': [[[93706, 348, 75, 73, 64], [93706, 346, 78, 76, 64], [93708, 434, 53, 89, 64], [93710, 336, 72, 82, 64], [93710, 346, 69, 73, 64]], [[94678, 160, 69, 82, 64], [94728, 150, 65, 85, 64], [94728, 158, 66, 76, 64], [94730, 904, 72, 85, 64]], [[95228, 382, 68, 70, 64], [95228, 382, 60, 70, 64], [95230, 382, 65, 73, 64]], [[95232, 390, 56, 76, 64]], [[96194, 84, 68, 64, 64], [96194, 76, 60, 79, 64], [96196, 82, 58, 67, 64], [96198, 10, 65, 76, 64], [96198, 64, 63, 70, 64]], [[96482, 94, 58, 51, 64], [96484, 14, 60, 64, 64], [96486, 64, 68, 54, 64], [96488, 60, 63, 52, 64], [96490, 56, 65, 57, 64], [96596, 138, 56, 57, 64], [96764, 200, 68, 62, 64], [96766, 190, 60, 73, 64]], [[96768, 182, 58, 67, 64], [96772, 182, 65, 67, 64], [96772, 178, 63, 64, 64], [97046, 94, 68, 70, 64], [97048, 30, 60, 85, 64], [97050, 84, 58, 76, 64], [97052, 22, 65, 70, 64], [97052, 22, 63, 73, 64]]], 'phrase_end': 97140, 'contour_time': [93706, 94678, 95228, 95232, 96194, 96482, 96768], 'phrase_start': 93696}
{'rest_end': 97536, 'phrase': False, 'rest_duration': 1, 'rest_energy': 5150, 'rest_start': 97152}
{'contour_energy': [7206, 51, 5739, 6974, 5708, 5836, 4815, 6598, 5890, 6008, 5164, 6569, 6098, 6582, 5707, 5272, 5141], 'phrase_length': 9154, 'contour_amplitudes': [55, 57, 70, 52, 70, 50, 68, 52, 70, 55, 68, 84, 56, 84, 55, 82, 55], 'phrase': True, 'notes': [[[97538, 364, 72, 85, 64], [97538, 362, 67, 82, 64], [97540, 298, 61, 89, 64], [97542, 358, 64, 79, 64], [97544, 348, 55, 89, 64]], [[98280, 54, 57, 51, 64]], [[98316, 170, 67, 76, 64], [98318, 168, 70, 64, 64], [98318, 162, 63, 70, 64], [98320, 154, 60, 70, 64], [98326, 140, 58, 70, 64], [98592, 98, 70, 67, 64], [98594, 82, 67, 79, 64], [98594, 80, 58, 82, 64], [98596, 76, 63, 82, 64], [98596, 72, 60, 93, 64]], [[99074, 394, 68, 76, 64], [99074, 388, 58, 82, 64], [99076, 386, 63, 85, 64], [99076, 378, 72, 89, 64], [99078, 380, 52, 85, 64]], [[99844, 198, 70, 76, 64], [99848, 180, 67, 82, 64], [99848, 164, 56, 70, 64], [99852, 152, 60, 70, 64], [99852, 146, 55, 79, 64]], [[100242, 140, 70, 73, 64], [100244, 72, 67, 89, 64], [100246, 54, 60, 82, 64], [100296, 44, 55, 82, 64], [100296, 52, 56, 76, 64], [100514, 484, 68, 70, 64], [100514, 472, 60, 73, 64], [100516, 452, 50, 79, 64], [100518, 468, 65, 73, 64], [100520, 460, 56, 64, 64]], [[101382, 176, 68, 67, 64], [101384, 176, 65, 70, 64], [101384, 184, 59, 64, 64], [101386, 176, 53, 76, 64]], [[102024, 334, 63, 82, 64], [102026, 334, 72, 89, 64], [102026, 406, 68, 70, 64], [102028, 426, 58, 82, 64], [102032, 402, 52, 82, 64]], [[102894, 220, 70, 76, 64], [102898, 204, 67, 82, 64], [102900, 192, 56, 73, 64], [102904, 134, 60, 70, 64], [102906, 112, 55, 82, 64]], [[103280, 128, 70, 73, 64], [103282, 112, 67, 85, 64], [103282, 102, 56, 76, 64], [103284, 46, 55, 85, 64], [103288, 32, 60, 67, 64]], [[103510, 440, 68, 73, 64], [103560, 450, 56, 70, 64], [103564, 430, 50, 76, 64], [103564, 440, 60, 73, 64], [103566, 412, 65, 67, 64]], [[104440, 208, 77, 82, 64], [104442, 216, 84, 82, 64], [104442, 210, 61, 85, 64], [104444, 196, 72, 76, 64], [104446, 202, 65, 82, 64], [104446, 204, 56, 79, 64]], [[104824, 118, 56, 82, 64], [104826, 106, 61, 79, 64], [104830, 94, 65, 73, 64]], [[104832, 98, 84, 89, 64], [104832, 92, 72, 79, 64], [104834, 92, 77, 82, 64], [105102, 226, 84, 82, 64], [105104, 204, 72, 79, 64], [105108, 46, 78, 76, 64], [105110, 200, 65, 82, 64], [105112, 202, 61, 76, 64], [105114, 190, 55, 76, 64], [105142, 150, 79, 89, 64]], [[105506, 164, 65, 79, 64], [105508, 160, 84, 76, 64], [105510, 164, 61, 73, 64], [105512, 152, 72, 73, 64], [105512, 156, 79, 73, 64], [105514, 150, 55, 79, 64]], [[106000, 360, 82, 82, 64], [106002, 350, 70, 73, 64], [106006, 342, 63, 67, 64], [106006, 336, 75, 73, 64], [106056, 326, 55, 76, 64], [106056, 334, 60, 76, 64], [106058, 336, 58, 59, 64]], [[106642, 48, 82, 79, 64], [106644, 40, 70, 70, 64], [106646, 30, 75, 70, 64], [106646, 30, 63, 70, 64], [106648, 26, 60, 79, 64], [106650, 28, 58, 59, 64], [106652, 22, 55, 73, 64]]], 'phrase_end': 106690, 'contour_time': [97538, 98280, 98316, 99074, 99844, 100242, 101382, 102024, 102894, 103280, 103510, 104440, 104824, 104832, 105506, 106000, 106642], 'phrase_start': 97536}
{'rest_end': 107136, 'phrase': False, 'rest_duration': 1, 'rest_energy': 5141, 'rest_start': 106752}
{'contour_energy': [6008, 7573, 5896, 7747, 5354], 'phrase_length': 3460, 'contour_amplitudes': [68, 55, 68, 55, 75], 'phrase': True, 'notes': [[[107510, 96, 68, 76, 64], [107514, 88, 61, 79, 64], [107516, 24, 65, 76, 64], [107516, 86, 56, 79, 64]], [[108118, 438, 67, 89, 64], [108118, 440, 61, 85, 64], [108168, 418, 72, 89, 64], [108172, 440, 55, 85, 64]], [[109044, 420, 68, 73, 64], [109046, 386, 60, 79, 64], [109048, 390, 63, 79, 64], [109050, 392, 65, 76, 64]], [[110028, 64, 61, 85, 64], [110028, 60, 67, 89, 64], [110030, 68, 72, 89, 64], [110032, 50, 55, 89, 64]], [[110422, 68, 67, 76, 64], [110422, 130, 75, 67, 64], [110472, 124, 63, 89, 64], [110472, 68, 70, 67, 64], [110478, 108, 72, 64, 64]]], 'phrase_end': 110596, 'contour_time': [107510, 108118, 109044, 110028, 110422], 'phrase_start': 107136}
{'rest_end': 111360, 'phrase': False, 'rest_duration': 1, 'rest_energy': 5354, 'rest_start': 110976}
{'contour_energy': [8012, 7689, 5693, 5677, 7109, 5168, 4886, 8762, 5980, 6250, 7010, 6344, 55, 7219, 6897, 8018, 7212, 8665, 6441, 6251, 5570, 6563, 6378, 5296, 5794, 6794, 4218, 7344, 7225, 7385, 5790, 6870], 'phrase_length': 15938, 'contour_amplitudes': [52, 77, 50, 68, 52, 70, 55, 68, 50, 68, 55, 70, 58, 53, 65, 46, 68, 55, 70, 55, 68, 53, 75, 52, 70, 55, 68, 50, 59, 70, 52, 70], 'phrase': True, 'notes': [[[111560, 186, 75, 85, 64], [111562, 170, 68, 82, 64], [111564, 150, 72, 98, 64], [111564, 168, 58, 85, 64], [111566, 164, 63, 93, 64], [111566, 168, 52, 93, 64]], [[112114, 318, 72, 89, 64], [112116, 332, 56, 85, 64], [112116, 312, 77, 89, 64], [112116, 320, 67, 85, 64], [112118, 328, 60, 89, 64], [112120, 320, 55, 89, 64]], [[112778, 596, 68, 73, 64], [112782, 534, 65, 79, 64], [112784, 504, 56, 73, 64], [112786, 486, 50, 79, 64], [112786, 506, 60, 73, 64]], [[113576, 366, 68, 73, 64], [113578, 356, 65, 79, 64], [113582, 354, 59, 70, 64], [113582, 358, 53, 79, 64]], [[114340, 188, 68, 79, 64], [114342, 184, 63, 89, 64], [114344, 194, 58, 79, 64], [114346, 154, 72, 89, 64], [114348, 174, 52, 85, 64]], [[114724, 170, 70, 70, 64], [114726, 100, 61, 76, 64], [114730, 98, 58, 70, 64], [114732, 86, 66, 67, 64], [114736, 76, 52, 76, 64]], [[115176, 240, 67, 79, 64], [115180, 318, 56, 67, 64], [115180, 224, 64, 70, 64], [115184, 308, 60, 55, 64], [115186, 298, 55, 76, 64]], [[115502, 88, 68, 89, 64], [115504, 66, 65, 98, 64]], [[116046, 494, 68, 73, 64], [116048, 430, 65, 85, 64], [116272, 164, 50, 79, 64], [116272, 174, 56, 76, 64], [116274, 168, 60, 73, 64]], [[116810, 338, 68, 76, 64], [116814, 308, 65, 82, 64]], [[117128, 68, 61, 79, 64], [117130, 70, 56, 85, 64], [117408, 308, 72, 85, 64], [117410, 366, 67, 82, 64], [117410, 368, 61, 82, 64], [117412, 372, 55, 89, 64]], [[117890, 466, 70, 85, 64], [118162, 206, 67, 79, 64], [118164, 208, 63, 79, 64], [118164, 208, 60, 79, 64], [118170, 200, 58, 76, 64]], [[119038, 276, 58, 55, 64]], [[119040, 286, 63, 73, 64], [119040, 212, 60, 82, 64], [119316, 112, 53, 98, 64]], [[119636, 156, 61, 85, 64], [119636, 154, 60, 79, 64], [119638, 222, 65, 85, 64]], [[119888, 136, 56, 85, 64], [119888, 136, 46, 85, 64], [120118, 72, 53, 98, 64]], [[120388, 66, 65, 76, 64], [120480, 78, 68, 93, 64]], [[120586, 286, 67, 103, 64], [120846, 44, 61, 85, 64], [120850, 34, 55, 85, 64], [120952, 90, 72, 98, 64]], [[121324, 118, 70, 76, 64], [121328, 48, 60, 79, 64], [121328, 104, 63, 79, 64], [121330, 100, 67, 85, 64], [121334, 104, 58, 82, 64]], [[121940, 354, 58, 62, 64], [121942, 418, 63, 79, 64], [121992, 340, 60, 85, 64], [121992, 416, 67, 82, 64], [121994, 408, 55, 85, 64]], [[122876, 184, 68, 70, 64], [122878, 184, 59, 79, 64]], [[122880, 174, 53, 82, 64], [122882, 110, 65, 79, 64], [122882, 182, 71, 82, 64]], [[123538, 114, 75, 76, 64], [123540, 108, 68, 73, 64], [123540, 102, 72, 85, 64], [123544, 98, 58, 76, 64], [123544, 96, 63, 79, 64], [123544, 94, 52, 89, 64]], [[123924, 118, 70, 70, 64], [123926, 118, 66, 70, 64], [123928, 122, 73, 67, 64], [123932, 106, 58, 67, 64], [123934, 100, 61, 76, 64], [123936, 90, 52, 85, 64]], [[124434, 244, 70, 76, 64], [124436, 232, 67, 85, 64], [124438, 162, 60, 79, 64], [124488, 158, 56, 76, 64], [124492, 142, 55, 82, 64], [124708, 64, 68, 55, 64]], [[124818, 162, 70, 67, 64], [124820, 144, 67, 82, 64], [124822, 134, 56, 79, 64], [124872, 126, 60, 79, 64], [124872, 68, 55, 85, 64], [125092, 90, 70, 76, 64], [125092, 76, 67, 93, 64], [125096, 64, 56, 82, 64], [125098, 54, 60, 85, 64], [125098, 58, 55, 93, 64]], [[125366, 130, 68, 64, 64], [125368, 100, 50, 76, 64], [125368, 110, 56, 67, 64], [125372, 90, 60, 59, 64], [125374, 90, 65, 57, 64]], [[125584, 150, 70, 79, 64], [125586, 78, 67, 98, 64], [125588, 60, 56, 85, 64], [125590, 44, 50, 93, 64], [125640, 50, 60, 82, 64], [125866, 382, 68, 79, 64], [125870, 340, 65, 82, 64]], [[126240, 72, 59, 85, 64], [126240, 20, 53, 85, 64]], [[126352, 174, 70, 76, 64], [126354, 162, 67, 89, 64], [126632, 80, 70, 79, 64], [126634, 66, 67, 98, 64]], [[126900, 46, 63, 76, 64], [126902, 42, 58, 76, 64], [126902, 94, 72, 76, 64], [126904, 114, 68, 70, 64], [126904, 28, 52, 82, 64]], [[127124, 132, 70, 79, 64], [127126, 72, 66, 79, 64], [127176, 122, 61, 82, 64], [127176, 62, 58, 85, 64], [127182, 36, 52, 89, 64]]], 'phrase_end': 127298, 'contour_time': [111560, 112114, 112778, 113576, 114340, 114724, 115176, 115502, 116046, 116810, 117128, 117890, 119038, 119040, 119636, 119888, 120388, 120586, 121324, 121940, 122876, 122880, 123538, 123924, 124434, 124818, 125366, 125584, 126240, 126352, 126900, 127124], 'phrase_start': 111360}
{'rest_end': 127872, 'phrase': False, 'rest_duration': 1, 'rest_energy': 6870, 'rest_start': 127488}
{'contour_energy': [6144, 59, 6166], 'phrase_length': 1144, 'contour_amplitudes': [55, 64, 50], 'phrase': True, 'notes': [[[127884, 158, 67, 82, 64], [127888, 138, 64, 76, 64], [127888, 80, 56, 70, 64], [127890, 70, 60, 76, 64], [127892, 64, 55, 79, 64], [128160, 82, 68, 70, 64], [128160, 20, 56, 79, 64], [128162, 18, 65, 82, 64], [128162, 18, 55, 89, 64], [128164, 14, 60, 79, 64]], [[128538, 28, 64, 59, 64]], [[128650, 160, 67, 85, 64], [128650, 96, 56, 73, 64], [128652, 86, 50, 85, 64], [128654, 82, 60, 73, 64], [128656, 136, 64, 73, 64], [128914, 42, 56, 79, 64], [128916, 100, 68, 79, 64], [128916, 30, 50, 82, 64], [128918, 30, 60, 76, 64], [128920, 26, 65, 79, 64]]], 'phrase_end': 129016, 'contour_time': [127884, 128538, 128650], 'phrase_start': 127872}
{'rest_end': 129408, 'phrase': False, 'rest_duration': 1, 'rest_energy': 6166, 'rest_start': 129024}
{'contour_energy': [6778, 5379, 6863, 5941, 7306, 6294, 6482, 6545, 6263, 5880], 'phrase_length': 5312, 'contour_amplitudes': [70, 55, 75, 53, 84, 56, 84, 55, 82, 55], 'phrase': True, 'notes': [[[129410, 178, 68, 70, 64], [129412, 106, 61, 79, 64], [129416, 100, 56, 79, 64], [129418, 90, 65, 70, 64], [129678, 50, 61, 93, 64], [129680, 50, 56, 89, 64], [129682, 50, 70, 82, 64], [129684, 28, 67, 93, 64]], [[129910, 62, 61, 67, 64], [129962, 56, 68, 70, 64], [129962, 42, 55, 73, 64], [129964, 60, 72, 79, 64], [129966, 40, 65, 57, 64], [130174, 102, 73, 82, 64], [130174, 96, 70, 82, 64]], [[130178, 78, 61, 89, 64], [130182, 64, 65, 89, 64], [130184, 60, 55, 93, 64], [130546, 302, 75, 73, 64], [130548, 318, 60, 85, 64], [130550, 294, 72, 89, 64], [130552, 312, 63, 79, 64], [130552, 316, 58, 62, 64], [130554, 298, 55, 82, 64]], [[131312, 230, 68, 67, 64], [131314, 292, 72, 82, 64], [131316, 234, 63, 73, 64], [131318, 228, 53, 85, 64]], [[132090, 186, 84, 89, 64], [132092, 180, 77, 89, 64], [132092, 126, 56, 85, 64], [132094, 172, 61, 85, 64], [132094, 176, 72, 79, 64]], [[132096, 118, 65, 82, 64], [132372, 46, 56, 85, 64], [132372, 44, 61, 89, 64], [132374, 32, 65, 85, 64], [132376, 28, 84, 82, 64], [132380, 24, 77, 73, 64], [132380, 24, 72, 54, 64]], [[132862, 90, 78, 82, 64], [132862, 192, 84, 79, 64]], [[132864, 190, 72, 70, 64], [132872, 160, 65, 76, 64], [132874, 160, 61, 76, 64], [132874, 152, 55, 85, 64], [132956, 104, 79, 79, 64], [133146, 108, 84, 85, 64], [133148, 118, 61, 79, 64], [133150, 104, 79, 79, 64], [133150, 112, 55, 89, 64], [133152, 90, 72, 85, 64], [133152, 106, 65, 85, 64]], [[133642, 572, 82, 89, 64], [133642, 576, 70, 82, 64], [133644, 566, 75, 82, 64], [133648, 640, 63, 76, 64], [133648, 632, 60, 82, 64], [133650, 630, 58, 57, 64], [133652, 616, 55, 82, 64]], [[134670, 50, 79, 85, 64], [134672, 34, 67, 79, 64], [134674, 40, 63, 76, 64], [134674, 32, 72, 85, 64], [134676, 32, 60, 82, 64], [134678, 32, 58, 59, 64], [134680, 26, 55, 67, 64]]], 'phrase_end': 134720, 'contour_time': [129410, 129910, 130178, 131312, 132090, 132096, 132862, 132864, 133642, 134670], 'phrase_start': 129408}
{'rest_end': 135168, 'phrase': False, 'rest_duration': 1, 'rest_energy': 5880, 'rest_start': 134784}
{'contour_energy': [7879, 6098, 9629, 8406, 9285, 8425, 4898, 6463], 'phrase_length': 3344, 'contour_amplitudes': [77, 55, 72, 68, 72, 63, 57, 72], 'phrase': True, 'notes': [[[135376, 52, 55, 98, 64], [135378, 48, 77, 89, 64], [135378, 48, 72, 89, 64], [135380, 44, 65, 85, 64], [135380, 48, 61, 82, 64]], [[135760, 86, 70, 85, 64], [135760, 82, 75, 85, 64], [135764, 150, 63, 79, 64], [135766, 138, 60, 82, 64], [135816, 142, 58, 62, 64], [135820, 114, 55, 73, 64]], [[136144, 166, 72, 103, 64], [136146, 148, 67, 93, 64]], [[136420, 172, 70, 93, 64], [136628, 130, 68, 93, 64], [136630, 134, 72, 89, 64]], [[136714, 94, 69, 98, 64], [136916, 68, 66, 98, 64], [136918, 66, 72, 93, 64]], [[137090, 172, 65, 79, 64], [137354, 66, 63, 103, 64]], [[137562, 118, 60, 49, 64], [137752, 108, 57, 86, 64]], [[138446, 60, 65, 85, 64], [138446, 62, 61, 85, 64], [138448, 64, 56, 82, 64], [138448, 58, 68, 70, 64], [138448, 54, 72, 79, 64]]], 'phrase_end': 138512, 'contour_time': [135376, 135760, 136144, 136420, 136714, 137090, 137562, 138446], 'phrase_start': 135168}
{'rest_end': 139008, 'phrase': False, 'rest_duration': 1, 'rest_energy': 6463, 'rest_start': 138624}
{'contour_energy': [7409, 7213, 8111, 73, 5636, 7980, 93, 6738, 7596, 3662, 7974, 82], 'phrase_length': 5742, 'contour_amplitudes': [56, 72, 55, 57, 70, 55, 60, 53, 72, 57, 66, 56], 'phrase': True, 'notes': [[[139212, 66, 61, 89, 64], [139214, 68, 56, 93, 64], [139214, 56, 65, 89, 64], [139216, 58, 68, 73, 64], [139216, 60, 72, 85, 64]], [[139764, 312, 61, 89, 64], [139766, 310, 56, 89, 64], [139766, 320, 68, 76, 64], [139768, 306, 65, 85, 64], [139768, 310, 72, 85, 64]], [[140370, 366, 72, 93, 64], [140372, 358, 67, 89, 64], [140374, 344, 61, 85, 64], [140424, 350, 55, 93, 64]], [[141214, 100, 57, 73, 64]], [[141314, 262, 63, 70, 64], [141316, 256, 67, 82, 64], [141316, 262, 70, 67, 64], [141318, 202, 60, 70, 64], [141320, 192, 58, 70, 64], [141594, 30, 57, 70, 64], [141688, 184, 67, 85, 64], [141690, 190, 63, 76, 64], [141692, 126, 60, 85, 64], [141692, 186, 70, 73, 64]], [[141698, 114, 58, 76, 64], [141972, 300, 60, 93, 64], [141976, 478, 67, 93, 64], [141978, 476, 63, 85, 64], [141980, 368, 55, 98, 64]], [[142368, 88, 60, 93, 64]], [[142748, 206, 63, 79, 64], [142752, 192, 53, 85, 64], [142752, 174, 57, 85, 64], [142754, 204, 66, 76, 64], [142754, 176, 60, 85, 64]], [[143248, 68, 72, 93, 64], [143250, 64, 66, 82, 64], [143252, 66, 65, 89, 64], [143254, 46, 69, 82, 64], [143528, 58, 62, 98, 64], [143528, 68, 69, 93, 64], [143530, 58, 66, 76, 64], [143532, 54, 63, 82, 64]], [[143820, 56, 66, 59, 64], [143978, 42, 57, 62, 64]], [[144018, 76, 66, 89, 64], [144020, 66, 63, 85, 64], [144020, 66, 62, 98, 64], [144292, 360, 60, 85, 64], [144294, 362, 61, 85, 64], [144296, 372, 65, 93, 64]], [[144666, 84, 56, 82, 64]]], 'phrase_end': 144750, 'contour_time': [139212, 139764, 140370, 141214, 141314, 141698, 142368, 142748, 143248, 143820, 144018, 144666], 'phrase_start': 139008}
{'rest_end': 145152, 'phrase': False, 'rest_duration': 1, 'rest_energy': 82, 'rest_start': 144768}
{'contour_energy': [93, 8349, 85, 9285, 6505, 8510, 7024, 7699, 8791, 9302, 6898], 'phrase_length': 4546, 'contour_amplitudes': [68, 56, 68, 55, 70, 55, 72, 58, 79, 55, 72], 'phrase': True, 'notes': [[[145168, 260, 68, 93, 64]], [[145544, 264, 68, 98, 64], [145820, 402, 61, 89, 64], [145822, 402, 56, 85, 64], [145824, 402, 65, 93, 64]], [[146302, 206, 68, 85, 64]], [[146570, 350, 67, 98, 64], [146574, 326, 61, 93, 64], [146578, 334, 55, 98, 64]], [[147358, 90, 57, 73, 64], [147452, 104, 67, 89, 64], [147452, 114, 63, 82, 64], [147452, 122, 60, 85, 64], [147454, 98, 70, 73, 64]], [[147458, 98, 58, 82, 64], [147746, 84, 67, 93, 64], [147746, 76, 60, 93, 64], [147746, 78, 55, 103, 64], [147748, 78, 63, 89, 64]], [[148044, 80, 63, 89, 64], [148046, 82, 72, 89, 64], [148046, 78, 68, 73, 64], [148048, 78, 58, 85, 64], [148052, 64, 52, 82, 64]], [[148602, 190, 58, 93, 64], [148606, 182, 68, 85, 64], [148606, 178, 75, 85, 64]], [[148608, 116, 72, 98, 64], [148610, 166, 52, 98, 64], [148988, 390, 56, 85, 64], [148990, 382, 60, 89, 64], [148990, 366, 79, 98, 64]], [[148992, 378, 55, 103, 64], [148992, 366, 72, 93, 64], [148994, 372, 67, 93, 64]], [[149648, 50, 68, 73, 64], [149648, 50, 56, 85, 64], [149650, 38, 72, 82, 64], [149650, 46, 50, 93, 64], [149652, 34, 65, 79, 64], [149654, 26, 60, 85, 64]]], 'phrase_end': 149698, 'contour_time': [145168, 145544, 146302, 146570, 147358, 147458, 148044, 148602, 148608, 148992, 149648], 'phrase_start': 145152}
{'rest_end': 150144, 'phrase': False, 'rest_duration': 1, 'rest_energy': 6898, 'rest_start': 149760}
{'contour_energy': [9164, 7242, 6646, 8409, 8746], 'phrase_length': 2628, 'contour_amplitudes': [53, 75, 52, 72, 50], 'phrase': True, 'notes': [[[150410, 318, 82, 98, 64], [150410, 326, 70, 98, 64], [150412, 318, 59, 98, 64], [150414, 316, 63, 93, 64], [150414, 308, 75, 89, 64], [150416, 308, 53, 98, 64]], [[151126, 132, 68, 82, 64], [151126, 126, 75, 82, 64], [151178, 116, 63, 89, 64], [151178, 64, 72, 89, 64], [151180, 114, 58, 79, 64], [151180, 58, 52, 89, 64]], [[151560, 152, 73, 82, 64], [151562, 136, 66, 82, 64], [151562, 128, 70, 79, 64], [151564, 128, 58, 79, 64], [151564, 128, 61, 85, 64], [151566, 112, 52, 82, 64]], [[151956, 524, 72, 98, 64], [151958, 572, 67, 93, 64], [151960, 494, 56, 85, 64], [151960, 490, 60, 89, 64], [151962, 482, 55, 93, 64]], [[152720, 48, 56, 93, 64], [152720, 52, 68, 85, 64], [152722, 42, 60, 98, 64], [152724, 40, 50, 98, 64], [152726, 36, 65, 93, 64]]], 'phrase_end': 152772, 'contour_time': [150410, 151126, 151560, 151956, 152720], 'phrase_start': 150144}
{'rest_end': 153216, 'phrase': False, 'rest_duration': 1, 'rest_energy': 8746, 'rest_start': 152832}
{'contour_energy': [9294, 8846], 'phrase_length': 758, 'contour_amplitudes': [84, 56], 'phrase': True, 'notes': [[[153494, 40, 77, 93, 64], [153494, 92, 84, 93, 64], [153494, 40, 61, 93, 64], [153496, 38, 56, 98, 64], [153498, 28, 72, 98, 64], [153498, 34, 65, 103, 64]], [[153880, 94, 84, 93, 64], [153880, 28, 77, 93, 64], [153882, 86, 61, 98, 64], [153884, 22, 72, 89, 64], [153884, 88, 56, 93, 64], [153886, 76, 65, 98, 64]]], 'phrase_end': 153974, 'contour_time': [153494, 153880], 'phrase_start': 153216}
{'rest_end': 154368, 'phrase': False, 'rest_duration': 1, 'rest_energy': 8846, 'rest_start': 153984}
{'contour_energy': [8853], 'phrase_length': 366, 'contour_amplitudes': [84], 'phrase': True, 'notes': [[[154380, 174, 72, 98, 64], [154380, 172, 61, 89, 64], [154382, 172, 84, 93, 64], [154384, 158, 55, 103, 64], [154384, 162, 65, 93, 64], [154386, 170, 79, 93, 64], [154666, 68, 84, 89, 64], [154668, 62, 61, 93, 64], [154668, 56, 79, 82, 64], [154670, 52, 65, 98, 64], [154670, 52, 72, 93, 64], [154672, 48, 55, 103, 64]]], 'phrase_end': 154734, 'contour_time': [154380], 'phrase_start': 154368}
{'rest_end': 155136, 'phrase': False, 'rest_duration': 1, 'rest_energy': 8853, 'rest_start': 154752}
{'contour_energy': [6657, 7140], 'phrase_length': 760, 'contour_amplitudes': [55, 82], 'phrase': True, 'notes': [[[155146, 352, 82, 89, 64], [155148, 350, 70, 82, 64], [155148, 340, 75, 79, 64], [155150, 336, 63, 82, 64], [155152, 328, 60, 85, 64], [155152, 264, 55, 89, 64], [155154, 328, 58, 62, 64]], [[155802, 94, 82, 89, 64], [155804, 84, 70, 85, 64], [155806, 22, 75, 82, 64], [155808, 18, 55, 89, 64], [155810, 70, 63, 79, 64], [155810, 78, 56, 82, 64], [155810, 18, 60, 85, 64]]], 'phrase_end': 155896, 'contour_time': [155146, 155802], 'phrase_start': 155136}
{'rest_end': 156288, 'phrase': False, 'rest_duration': 1, 'rest_energy': 7140, 'rest_start': 155904}
{'contour_energy': [8527, 8515, 8094, 6957, 7448, 7644], 'phrase_length': 3452, 'contour_amplitudes': [56, 84, 55, 82, 58, 72], 'phrase': True, 'notes': [[[156662, 100, 84, 93, 64], [156664, 102, 61, 93, 64], [156664, 96, 77, 89, 64], [156664, 92, 72, 93, 64], [156666, 98, 56, 93, 64], [156666, 92, 65, 93, 64]], [[157326, 250, 84, 103, 64], [157326, 300, 72, 98, 64], [157326, 54, 78, 82, 64], [157330, 296, 61, 85, 64], [157332, 238, 55, 98, 64], [157332, 288, 65, 89, 64], [157364, 232, 79, 89, 64]], [[157712, 140, 84, 89, 64], [157712, 148, 61, 85, 64], [157714, 140, 72, 89, 64], [157716, 138, 79, 79, 64], [157716, 140, 55, 103, 64], [157718, 130, 65, 93, 64]], [[158220, 172, 82, 93, 64], [158222, 162, 70, 89, 64], [158224, 160, 60, 85, 64], [158226, 162, 63, 76, 64], [158226, 152, 75, 82, 64], [158228, 162, 58, 67, 64], [158230, 144, 55, 89, 64]], [[158864, 400, 75, 85, 64], [158866, 408, 67, 93, 64], [158868, 394, 70, 82, 64], [158868, 422, 58, 89, 64], [158870, 382, 72, 82, 64]], [[159638, 102, 70, 76, 64], [159640, 38, 63, 85, 64], [159640, 90, 67, 89, 64], [159642, 84, 55, 93, 64], [159644, 84, 72, 93, 64]]], 'phrase_end': 159740, 'contour_time': [156662, 157326, 157712, 158220, 158864, 159638], 'phrase_start': 156288}
{'rest_end': 160896, 'phrase': False, 'rest_duration': 2, 'rest_energy': 7644, 'rest_start': 160128}
{'contour_energy': [7807, 7290, 4534, 5374], 'phrase_length': 2294, 'contour_amplitudes': [52, 77, 50, 70], 'phrase': True, 'notes': [[[160724, 78, 75, 85, 64], [160726, 72, 68, 82, 64], [160726, 64, 72, 93, 64], [160776, 120, 63, 89, 64], [160778, 120, 58, 82, 64], [160778, 66, 52, 98, 64]], [[161270, 414, 77, 89, 64], [161272, 414, 72, 85, 64], [161274, 470, 67, 82, 64], [161274, 472, 56, 82, 64], [161274, 418, 60, 85, 64], [161278, 410, 55, 89, 64]], [[162058, 88, 68, 70, 64], [162060, 148, 56, 70, 64], [162062, 74, 65, 67, 64], [162066, 76, 50, 70, 64], [162066, 80, 60, 59, 64]], [[162714, 92, 70, 64, 64], [162718, 78, 59, 76, 64], [162718, 84, 53, 82, 64], [162720, 18, 67, 70, 64]]], 'phrase_end': 162806, 'contour_time': [160724, 161270, 162058, 162714], 'phrase_start': 160512}
{'rest_end': 163200, 'phrase': False, 'rest_duration': 1, 'rest_energy': 5374, 'rest_start': 162816}
{'contour_energy': [6076, 5039, 5284, 5493, 5633, 47, 6612, 6448, 5419, 6437, 6728, 5876, 5038, 6138, 5812, 6341, 6327, 6256], 'phrase_length': 11124, 'contour_amplitudes': [52, 70, 68, 50, 68, 65, 55, 70, 55, 72, 55, 70, 55, 68, 52, 75, 55, 79], 'phrase': True, 'notes': [[[163478, 412, 68, 70, 64], [163480, 402, 58, 79, 64], [163482, 386, 63, 76, 64], [163482, 390, 72, 85, 64], [163488, 380, 52, 79, 64]], [[164342, 298, 56, 70, 64], [164342, 292, 70, 70, 64], [164346, 284, 55, 76, 64], [164348, 214, 67, 76, 64], [164348, 286, 60, 62, 64]], [[164632, 30, 68, 62, 64], [164734, 116, 70, 82, 64]], [[164736, 98, 67, 89, 64], [165008, 412, 50, 79, 64], [165010, 488, 68, 67, 64], [165010, 428, 56, 67, 64], [165012, 484, 65, 73, 64], [165012, 424, 60, 67, 64]], [[165878, 298, 68, 73, 64], [165884, 288, 61, 73, 64], [165884, 294, 56, 79, 64]], [[166178, 18, 65, 47, 64]], [[166272, 192, 68, 85, 64], [166548, 312, 61, 76, 64], [166548, 310, 67, 82, 64], [166554, 312, 55, 82, 64]], [[167312, 324, 63, 79, 64], [167312, 318, 70, 73, 64], [167314, 314, 60, 82, 64], [167314, 314, 67, 85, 64], [167316, 332, 58, 82, 64]], [[168076, 406, 58, 55, 64], [168076, 422, 63, 73, 64], [168078, 424, 67, 76, 64], [168080, 342, 60, 79, 64], [168082, 404, 55, 82, 64]], [[168854, 306, 61, 79, 64], [168856, 324, 68, 76, 64], [168856, 300, 56, 82, 64], [168858, 308, 65, 82, 64], [168860, 312, 72, 82, 64]], [[169620, 318, 61, 82, 64], [169620, 312, 72, 82, 64], [169622, 310, 67, 79, 64], [169622, 326, 55, 85, 64]], [[170378, 418, 63, 76, 64], [170382, 408, 67, 82, 64], [170382, 404, 70, 73, 64], [170384, 406, 60, 76, 64], [170386, 416, 58, 76, 64]], [[171148, 350, 63, 67, 64], [171150, 420, 67, 73, 64], [171152, 338, 55, 79, 64], [171152, 336, 60, 64, 64]], [[172022, 204, 68, 76, 64], [172024, 196, 65, 82, 64], [172026, 192, 53, 82, 64], [172028, 190, 59, 73, 64]], [[172698, 98, 58, 73, 64], [172702, 82, 63, 76, 64], [172702, 88, 72, 85, 64], [172704, 88, 68, 67, 64], [172704, 82, 52, 79, 64]], [[173070, 154, 68, 79, 64], [173074, 204, 75, 76, 64], [173074, 146, 58, 82, 64], [173076, 126, 72, 79, 64], [173080, 124, 52, 82, 64]], [[173570, 368, 72, 85, 64], [173572, 366, 67, 79, 64], [173572, 370, 79, 79, 64], [173574, 362, 60, 79, 64], [173576, 360, 56, 76, 64], [173576, 354, 55, 79, 64]], [[174228, 44, 50, 85, 64], [174228, 96, 56, 76, 64], [174230, 42, 79, 79, 64], [174232, 32, 72, 79, 64], [174234, 26, 67, 73, 64], [174234, 32, 60, 82, 64]]], 'phrase_end': 174324, 'contour_time': [163478, 164342, 164632, 164736, 165878, 166178, 166272, 167312, 168076, 168854, 169620, 170378, 171148, 172022, 172698, 173070, 173570, 174228], 'phrase_start': 163200}
{'rest_end': 174720, 'phrase': False, 'rest_duration': 1, 'rest_energy': 6256, 'rest_start': 174336}
{'contour_energy': [6026, 6482, 4686, 5075, 5043, 7573, 6646, 6877, 76, 8164, 5203, 73, 6035, 82, 6627, 8482, 9126, 6200, 82, 7107, 85, 6615, 73, 5329, 3860, 7518, 76, 5250], 'phrase_length': 13064, 'contour_amplitudes': [65, 53, 72, 55, 50, 70, 67, 55, 65, 68, 55, 60, 51, 60, 46, 72, 55, 70, 58, 67, 51, 65, 51, 55, 60, 41, 68, 46], 'phrase': True, 'notes': [[[175100, 116, 68, 73, 64], [175102, 112, 65, 82, 64]], [[175104, 104, 59, 79, 64], [175106, 96, 53, 82, 64]], [[175756, 506, 58, 70, 64], [175760, 498, 68, 59, 64], [175762, 484, 72, 79, 64], [175764, 430, 63, 59, 64], [175766, 476, 52, 73, 64]], [[176642, 480, 68, 73, 64], [176644, 382, 56, 70, 64], [176646, 446, 65, 73, 64], [176648, 364, 55, 73, 64], [176650, 364, 60, 67, 64]], [[177398, 324, 56, 70, 64], [177402, 322, 60, 70, 64], [177402, 300, 50, 73, 64]], [[177794, 184, 70, 85, 64], [177796, 170, 67, 89, 64]], [[178180, 264, 70, 79, 64], [178182, 198, 67, 89, 64], [178558, 118, 70, 76, 64]], [[178560, 96, 67, 89, 64], [178562, 78, 61, 76, 64], [178564, 84, 56, 79, 64], [178826, 530, 61, 85, 64], [178832, 514, 55, 85, 64]], [[179238, 156, 65, 76, 64]], [[179496, 160, 68, 98, 64], [179708, 380, 67, 82, 64]], [[179978, 144, 55, 79, 64], [179980, 136, 60, 79, 64], [179982, 140, 58, 62, 64], [179982, 134, 63, 67, 64]], [[180478, 274, 60, 73, 64]], [[180480, 274, 63, 70, 64], [180480, 196, 55, 79, 64], [180482, 264, 67, 76, 64], [180752, 234, 51, 85, 64]], [[181048, 94, 60, 82, 64]], [[181250, 208, 60, 79, 64], [181252, 274, 65, 82, 64], [181254, 202, 61, 82, 64], [181518, 110, 56, 82, 64], [181518, 108, 46, 82, 64]], [[181744, 58, 53, 98, 64], [182010, 306, 67, 89, 64], [182012, 310, 72, 89, 64]], [[182282, 124, 61, 93, 64], [182286, 110, 55, 98, 64]], [[182494, 488, 70, 89, 64], [182766, 228, 67, 73, 64], [182768, 224, 60, 76, 64], [182770, 222, 63, 76, 64]], [[182998, 126, 58, 82, 64]], [[183262, 200, 55, 93, 64], [183536, 228, 58, 73, 64], [183538, 234, 67, 85, 64], [183540, 216, 60, 85, 64]], [[183816, 236, 51, 85, 64]], [[184040, 178, 63, 93, 64], [184310, 608, 65, 89, 64], [184312, 696, 60, 79, 64], [184312, 698, 58, 67, 64], [184312, 690, 63, 76, 64]], [[184590, 128, 51, 73, 64]], [[184812, 184, 55, 73, 64], [185084, 102, 48, 73, 64]], [[185352, 230, 58, 57, 64], [185352, 218, 55, 62, 64], [185352, 230, 60, 67, 64]], [[185570, 76, 44, 67, 64], [185838, 1110, 63, 85, 64], [185840, 1162, 66, 85, 64], [185844, 1080, 57, 93, 64], [185844, 1076, 60, 89, 64], [185846, 1074, 41, 98, 64]], [[187388, 396, 68, 76, 64]], [[187392, 310, 60, 73, 64], [187392, 374, 65, 76, 64], [187394, 358, 63, 73, 64], [187396, 354, 46, 73, 64], [187396, 368, 56, 67, 64]]], 'phrase_end': 187784, 'contour_time': [175100, 175104, 175756, 176642, 177398, 177794, 178180, 178560, 179238, 179496, 179978, 180478, 180480, 181048, 181250, 181744, 182282, 182494, 182998, 183262, 183816, 184040, 184590, 184812, 185352, 185570, 187388, 187392], 'phrase_start': 174720}
{'rest_end': 188160, 'phrase': False, 'rest_duration': 1, 'rest_energy': 5250, 'rest_start': 187776}
{'contour_energy': [6907, 8762, 6616, 103, 6974], 'phrase_length': 1914, 'contour_amplitudes': [68, 75, 56, 68, 55], 'phrase': True, 'notes': [[[188438, 106, 68, 89, 64], [188442, 88, 56, 79, 64], [188442, 84, 61, 79, 64], [188444, 24, 60, 85, 64]], [[188734, 94, 72, 98, 64], [188836, 92, 75, 89, 64]], [[188946, 262, 61, 76, 64], [188948, 264, 56, 79, 64], [188950, 242, 68, 85, 64], [189000, 252, 60, 85, 64]], [[189594, 108, 68, 103, 64]], [[189712, 270, 67, 85, 64], [189980, 88, 61, 76, 64], [189982, 92, 55, 89, 64]]], 'phrase_end': 190074, 'contour_time': [188438, 188734, 188946, 189594, 189712], 'phrase_start': 188160}
{'rest_end': 190464, 'phrase': False, 'rest_duration': 1, 'rest_energy': 6974, 'rest_start': 190080}
{'contour_energy': [6357, 6008, 5410, 6692, 5690], 'phrase_length': 2236, 'contour_amplitudes': [70, 55, 67, 78, 60], 'phrase': True, 'notes': [[[190464, 190, 63, 79, 64], [190464, 194, 67, 82, 64], [190468, 176, 60, 82, 64], [190468, 106, 58, 79, 64], [190468, 182, 70, 73, 64], [190746, 102, 67, 79, 64], [190746, 102, 63, 82, 64], [190748, 102, 70, 70, 64], [190748, 110, 58, 85, 64], [190750, 90, 60, 85, 64]], [[191022, 36, 67, 62, 64], [191026, 32, 55, 54, 64], [191124, 44, 63, 82, 64], [191126, 104, 70, 89, 64], [191126, 92, 60, 89, 64], [191130, 90, 58, 82, 64]], [[191318, 314, 63, 64, 64], [191320, 324, 67, 76, 64], [191322, 198, 60, 59, 64], [191326, 218, 55, 76, 64], [191596, 52, 60, 89, 64]], [[192002, 194, 75, 73, 64], [192004, 190, 63, 89, 64], [192004, 182, 69, 79, 64], [192006, 186, 78, 76, 64], [192006, 180, 57, 93, 64], [192008, 156, 72, 79, 64]], [[192652, 40, 72, 79, 64], [192652, 40, 69, 70, 64], [192654, 40, 65, 70, 64], [192656, 44, 60, 89, 64], [192656, 36, 66, 67, 64]]], 'phrase_end': 192700, 'contour_time': [190464, 191022, 191318, 192002, 192652], 'phrase_start': 190464}
{'rest_end': 193152, 'phrase': False, 'rest_duration': 1, 'rest_energy': 5690, 'rest_start': 192768}
{'contour_energy': [5114, 4417, 6694, 7010, 6771, 5809, 5970], 'phrase_length': 4562, 'contour_amplitudes': [68, 58, 84, 56, 84, 55, 75], 'phrase': True, 'notes': [[[193532, 412, 68, 70, 64], [193534, 390, 56, 73, 64]], [[193536, 384, 58, 54, 64], [193536, 378, 60, 67, 64], [193538, 384, 65, 76, 64], [193538, 378, 63, 67, 64]], [[194518, 54, 56, 85, 64], [194568, 50, 61, 89, 64], [194568, 44, 84, 82, 64], [194570, 40, 65, 79, 64], [194572, 36, 77, 82, 64], [194572, 40, 72, 73, 64]], [[194960, 432, 77, 85, 64], [194960, 436, 84, 82, 64], [194960, 422, 56, 89, 64], [194962, 432, 72, 79, 64], [194964, 412, 61, 82, 64], [194964, 412, 65, 85, 64]], [[195724, 422, 84, 93, 64], [195726, 422, 72, 89, 64], [195732, 30, 78, 76, 64], [195736, 402, 65, 76, 64], [195736, 408, 61, 73, 64], [195738, 406, 55, 85, 64], [195760, 362, 79, 82, 64]], [[196588, 132, 82, 82, 64], [196588, 132, 70, 70, 64], [196594, 116, 75, 76, 64], [196594, 116, 55, 82, 64], [196596, 120, 63, 73, 64], [196596, 120, 60, 82, 64], [196598, 120, 58, 67, 64]], [[197206, 508, 68, 67, 64], [197256, 454, 75, 73, 64], [197256, 448, 63, 76, 64], [197256, 438, 72, 85, 64], [197258, 446, 52, 85, 64], [197260, 442, 58, 76, 64]]], 'phrase_end': 197714, 'contour_time': [193532, 193536, 194518, 194960, 195724, 196588, 197206], 'phrase_start': 193152}
{'rest_end': 198144, 'phrase': False, 'rest_duration': 1, 'rest_energy': 5970, 'rest_start': 197760}
extension: .med
1321
timeperbeat 0.47
[]
[[9, 88], [9, 118], [9, 216]]
[[9, 224], [9, 117], [9, 148], [9, 240]]
[[9, 161], [9, 240], [9, 240]]
[[9, 41], [9, 77], [9, 166], [9, 231], [9, 229], [9, 69], [9, 115], [9, 147], [9, 80], [9, 14], [9, 108], [9, 76], [9, 0], [9, 249], [9, 165], [9, 176], [9, 28], [9, 64]]
[[9, 214]]
[[9, 52], [9, 254], [9, 104], [9, 92], [9, 220]]
[[9, 32], [9, 158], [9, 104], [9, 106], [9, 248], [9, 185], [9, 242], [9, 208], [9, 188], [9, 88], [9, 254], [9, 46]]
[[9, 160], [9, 132], [9, 236], [9, 160], [9, 182], [9, 98], [9, 38]]
[[9, 16], [9, 104], [9, 4], [9, 203], [9, 232]]
[[9, 8], [9, 112], [9, 170], [9, 96]]
[[9, 182], [9, 170], [9, 239], [9, 183]]
[[9, 224]]
[[9, 152], [9, 47]]
[[9, 216], [9, 60]]
[[9, 0], [9, 136]]
[[9, 84], [9, 186], [9, 82], [9, 15], [9, 226], [9, 249], [9, 204], [9, 56], [9, 36], [9, 144], [9, 64], [9, 206], [9, 236], [9, 128], [9, 3], [9, 45], [9, 88], [9, 209]]
[[9, 27]]
[[9, 48], [9, 200], [9, 142], [9, 118]]
[[9, 157]]
[[9, 216]]
[[9, 32], [9, 179], [9, 67], [9, 204]]
[[9, 157], [9, 91], [9, 210], [9, 4], [9, 101], [9, 216]]
[[9, 184], [9, 82], [9, 160], [9, 182], [9, 220], [9, 86], [9, 128], [9, 96], [9, 200], [9, 230], [9, 222], [9, 92], [9, 32]]
[[9, 96], [9, 17], [9, 74]]
[[9, 44], [9, 84], [9, 64], [9, 89], [9, 214]]
[[9, 48], [9, 60], [9, 64], [9, 194], [9, 224], [9, 168], [9, 3], [9, 110], [9, 24], [9, 149], [9, 148], [9, 72], [9, 187], [9, 166], [9, 14], [9, 233], [9, 232], [9, 247]]
[[9, 32], [9, 56]]
[[9, 40], [9, 140], [9, 65], [9, 236]]
[[9, 19]]
[[9, 162], [9, 145], [9, 244], [9, 160], [9, 176], [9, 48], [9, 248]]
[[9, 42], [9, 91], [9, 66], [9, 152], [9, 200], [9, 216], [9, 252], [9, 56], [9, 140], [9, 200], [9, 176], [9, 116], [9, 240], [9, 184], [9, 29], [9, 176], [9, 131]]
[[9, 224], [9, 3], [9, 32], [9, 101], [9, 142]]
[[9, 112], [9, 181], [9, 234], [9, 244], [9, 4], [9, 32], [9, 186], [9, 104], [9, 248], [9, 40], [9, 14], [9, 176], [9, 118], [9, 143], [9, 49], [9, 188], [9, 176], [9, 159], [9, 54], [9, 253], [9, 136], [9, 191], [9, 142], [9, 192], [9, 76], [9, 166], [9, 104], [9, 96], [9, 35], [9, 86], [9, 24], [9, 132]]
[[9, 0], [9, 192], [9, 76]]
[[9, 92], [9, 165], [9, 165], [9, 249], [9, 72], [9, 208], [9, 232], [9, 39], [9, 30], [9, 72]]
[[9, 219], [9, 30], [9, 40], [9, 216], [9, 104], [9, 87], [9, 146], [9, 184]]
[[9, 184], [9, 168], [9, 153], [9, 65], [9, 24], [9, 116], [9, 204], [9, 250], [9, 96], [9, 94], [9, 204], [9, 240]]
[[9, 180], [9, 88], [9, 148], [9, 211], [9, 182], [9, 82], [9, 128], [9, 78], [9, 217], [9, 122], [9, 16]]
[[9, 60], [9, 174], [9, 248], [9, 8], [9, 52]]
[[9, 152], [9, 16]]
[[9, 228]]
[[9, 55], [9, 8]]
[[9, 72], [9, 252], [9, 242], [9, 106], [9, 112], [9, 224]]
[[9, 204], [9, 178], [9, 140], [9, 116]]
[[9, 48], [9, 218], [9, 144], [9, 218], [9, 68], [9, 239], [9, 140], [9, 32], [9, 61], [9, 104], [9, 120], [9, 184], [9, 98], [9, 104], [9, 144], [9, 183], [9, 81], [9, 144]]
[[9, 10], [9, 250], [9, 240], [9, 85], [9, 246], [9, 190], [9, 98], [9, 123], [9, 76], [9, 144], [9, 213], [9, 28], [9, 73], [9, 56], [9, 202], [9, 144], [9, 170], [9, 80], [9, 148], [9, 9], [9, 239], [9, 151], [9, 139], [9, 231], [9, 176], [9, 14], [9, 48], [9, 92]]
[[9, 172], [9, 254], [9, 64], [9, 92], [9, 82]]
[[9, 62], [9, 200], [9, 230], [9, 248], [9, 152]]
[[9, 104], [9, 186], [9, 120], [9, 112], [9, 188], [9, 7], [9, 6]]
[]
[[9, 40], [9, 143], [9, 96], [9, 143], [9, 112], [5, 11], [9, 224], [9, 226], [9, 184], [9, 143], [9, 48], [9, 24], [9, 112], [9, 143], [9, 48], [9, 252], [9, 200], [9, 41], [9, 112], [9, 213], [9, 144], [9, 213], [9, 96], [9, 213], [9, 216], [9, 213], [9, 216], [9, 252], [9, 184], [9, 185], [9, 112], [9, 161], [9, 60], [5, 83], [9, 244], [5, 111], [9, 196], [5, 164], [9, 17], [9, 250], [9, 24], [5, 62], [9, 66], [9, 178], [9, 103], [9, 136], [9, 115], [9, 124], [5, 41], [9, 36], [9, 178], [9, 170], [5, 170], [9, 91], [9, 114], [9, 170], [9, 114], [9, 115], [9, 114], [9, 158], [5, 170], [9, 107], [9, 124], [9, 170], [9, 124], [9, 115], [9, 136], [9, 170], [5, 83], [9, 124], [9, 70], [9, 19], [5, 164], [9, 115], [5, 83], [9, 66], [9, 54], [9, 103], [5, 62], [9, 124], [9, 158], [9, 143], [9, 210], [5, 83], [9, 66], [5, 170], [9, 70], [9, 52], [9, 103], [9, 124], [9, 115], [9, 166], [9, 132], [9, 20], [9, 112], [9, 75], [9, 96], [5, 236], [9, 52], [9, 200], [9, 200], [9, 99], [9, 112], [9, 8], [9, 196], [9, 144], [9, 196], [9, 112], [9, 235], [9, 152], [9, 141], [9, 112], [9, 141], [9, 96], [9, 196], [9, 96], [9, 141], [9, 112], [9, 235], [9, 152], [9, 196], [9, 112], [5, 76], [5, 255], [9, 154], [9, 19], [9, 115], [9, 42], [9, 103], [9, 52], [9, 103], [9, 52], [9, 103], [9, 2], [9, 11], [9, 2], [9, 91], [9, 186], [9, 255], [5, 83], [9, 246], [5, 83], [9, 226], [9, 151], [9, 103], [9, 226], [9, 91], [5, 178], [9, 99], [5, 83], [9, 226], [9, 115], [9, 128], [9, 126], [9, 114], [9, 198], [9, 96], [9, 10], [9, 96], [9, 40], [9, 144], [9, 166], [9, 144], [9, 136], [9, 144], [9, 38], [9, 112], [9, 38], [9, 184], [9, 10], [9, 184], [9, 132], [9, 184], [8, 184], [9, 176], [9, 168], [9, 32], [9, 224], [9, 184], [9, 172], [9, 216], [9, 198], [9, 216], [9, 142], [9, 112], [9, 40], [9, 112], [9, 14], [9, 216], [9, 166], [9, 144], [9, 74], [9, 224], [9, 132], [9, 96], [9, 184], [9, 58], [9, 144], [9, 164], [9, 216], [9, 58], [9, 208], [5, 186], [9, 120], [9, 192], [9, 144], [9, 10], [9, 184], [9, 136], [9, 200], [5, 114], [5, 0], [5, 54], [5, 0], [9, 120], [9, 144], [9, 133], [9, 224], [9, 43], [9, 224], [9, 235], [9, 48], [9, 213], [9, 48], [9, 76], [9, 228], [9, 144], [9, 76], [9, 104], [9, 132], [9, 96], [9, 141], [9, 96], [9, 141], [9, 112], [9, 196], [9, 184], [9, 180], [9, 112], [5, 69], [9, 208], [9, 50], [9, 232], [9, 48], [9, 2], [5, 196], [9, 0], [9, 168], [9, 96], [9, 136], [9, 144], [9, 168], [9, 96], [9, 168], [9, 216], [9, 38], [9, 96], [9, 14], [9, 168], [9, 38], [9, 48], [8, 184], [9, 188], [9, 144], [9, 122], [9, 16], [9, 216], [9, 230], [9, 144], [9, 136], [9, 0], [9, 50], [5, 0], [9, 120], [9, 112], [9, 74], [9, 48], [9, 40], [9, 20], [9, 72], [9, 150], [9, 0], [9, 160], [9, 132], [9, 48], [9, 196], [9, 112], [9, 11], [9, 112], [9, 180], [9, 152], [9, 133], [9, 48], [9, 141], [9, 152], [9, 141], [9, 112], [9, 235], [9, 152], [9, 141], [9, 112], [9, 180], [9, 112], [9, 235], [9, 168], [9, 195], [9, 112], [9, 180], [9, 152], [9, 180], [9, 184], [9, 235], [9, 96], [9, 180], [9, 96], [9, 251], [9, 96], [9, 141], [9, 112], [9, 141], [9, 152], [9, 180], [9, 112], [9, 180], [9, 112], [9, 235], [9, 112], [9, 50], [9, 112], [9, 235], [9, 183], [9, 6], [9, 224], [5, 0], [5, 69], [9, 246], [9, 182], [9, 112], [9, 141], [9, 152], [9, 196], [9, 112], [9, 180], [9, 96], [9, 186], [9, 200], [9, 235], [9, 112], [9, 178], [9, 144], [5, 159], [9, 24], [9, 154], [9, 56], [9, 93], [8, 184], [8, 88], [9, 19], [9, 72], [9, 144], [9, 178], [9, 184], [9, 196], [8, 184], [9, 158], [9, 96], [9, 194], [9, 96], [9, 235], [9, 184], [9, 235], [9, 144], [9, 196], [9, 184], [9, 196], [9, 144], [9, 245], [9, 168], [9, 235], [9, 184], [9, 178], [9, 152], [9, 40], [9, 203], [8, 184], [9, 43], [9, 224], [9, 112], [9, 235], [9, 112], [9, 235], [9, 168], [9, 42], [9, 144], [9, 196], [9, 144], [9, 76], [5, 54], [9, 160], [9, 231], [9, 204], [9, 246], [9, 54], [9, 11], [5, 62], [9, 246], [5, 186], [9, 107], [5, 83], [9, 220], [9, 7], [9, 11], [9, 12], [9, 158], [9, 242], [5, 83], [9, 18], [5, 83], [9, 198], [9, 7], [9, 255], [9, 2], [9, 103], [5, 186], [9, 209], [9, 2], [9, 91], [5, 111], [9, 198], [5, 178], [9, 201], [9, 68], [9, 163], [9, 151], [9, 186], [9, 11], [5, 186], [9, 91], [9, 186], [9, 255], [9, 186], [9, 255], [9, 146], [9, 255], [9, 186], [9, 11], [9, 146], [9, 255], [9, 146], [9, 91], [9, 186], [9, 255], [9, 186], [9, 103], [9, 146], [9, 91], [5, 0], [9, 200], [9, 152], [9, 196], [9, 112], [9, 50], [9, 168], [9, 52], [9, 103], [5, 114], [9, 40], [9, 235], [9, 96], [9, 235], [9, 48], [9, 15], [9, 96], [9, 196], [9, 96], [9, 141], [9, 152], [9, 235], [9, 48], [9, 240], [9, 112], [9, 38], [9, 152], [9, 235], [9, 96], [9, 251], [9, 96], [9, 70], [5, 54], [9, 8], [9, 126], [9, 19], [9, 103], [9, 68], [9, 7], [9, 103], [9, 12], [9, 158], [9, 42], [9, 115], [9, 200], [9, 91], [9, 188], [9, 103], [9, 2], [9, 103], [9, 2], [9, 103], [9, 42], [9, 91], [9, 2], [9, 91], [9, 200], [9, 103], [9, 186], [9, 91], [9, 116], [9, 103], [9, 212], [9, 96], [5, 69], [9, 200]]
